815
831
839
846
852
866
872
878
879
881
888
905
909
911
914
915
920
929
938
944
956
960
969
971
972
974
978
983
989
992
1007
1028
1040
1046
1049
1055
1059
1061
1067
1071
1088
1089
1094
1097
1109
1115
1118
1121
1130
1131
1136
1139
1145
1151
1154
1158
1160
1161
1163
1166
1169
1175
1184
1196
1199
1200
1202
1205
1220
1226
1227
1238
1244
1256
1268
1271
1277
1280
1289
1304
1319
1343
1346
1350
1352
1355
1370
1373
1379
1397
1400
1427
1430
1431
1433
1436
1442
1445
1469
1472
1475
1478
1493
1520
1544
1547
1556
1562
1568
1571
1589
1595
1628
1635
1652
1658
1667
1673
1682
1683
1698
1700
1706
1709
1721
1724
1733
1745
1752
1754
1766
1769
1775
1781
1784
1787
1799
1808
1815
1838
1850
1856
1859
1862
1871
1874
1883
1892
1895
1897
1898
1904
1907
1908
1910
1913
1946
1950
1951
1952
1955
1961
1964
1970
1979
1985
1989
1994
2009
2015
2024
2039
2045
2051
2063
2066
2072
2099
2117
2123
2126
2129
2132
2135
2177
2178
2183
2184
2186
2189
2196
2198
2200
2201
2202
2204
2213
2225
2228
2234
2235
2237
2240
2243
2293
2299
2302
2305
2306
2308
2311
2320
2326
2356
2359
2361
2395
2407
2416
2425
2434
2439
2440
2449
2458
2461
2516
2524
2533
2536
2539
2540
2548
2551
2566
2602
2608
2617
2635
2665
2668
2689
2716
2719
2734
2740
2746
2752
2755
2758
2764
2782
2785
2788
2794
2803
2809
2818
2833
2836
2839
2842
2845
2846
2866
2875
2884
2905
2917
2920
2923
2926
2938
2962
2971
2974
2977
2983
2986
2995
3019
3031
3055
3058
3079
3082
3085
3097
3106
3124
3139
3142
3157
3160
3161
3163
3169
3175
3178
3181
3193
3202
3205
3208
3217
3223
3229
3241
3259
3271
3283
3292
3295
3298
3316
3325
3338
3343
3352
3355
3361
3367
3373
3379
3383
3385
3397
3403
3406
3421
3427
3433
3436
3448
3449
3455
3463
3472
3484
3487
3490
3499
3520
3529
3533
3544
3550
3574
3580
3586
3595
3604
3607
3613
3619
3628
3649
3658
3661
3673
3677
3679
3706
3727
3733
3745
3757
3760
3769
3772
3787
3799
3811
3812
3817
3832
3838
3841
3844
3862
3880
3892
3895
3901
3902
3916
3922
3940
3943
3946
3949
3952
3953
3961
3973
3982
3988
3991
3994
3997
3998
4003
4015
4030
4048
4069
4081
4082
4084
4096
4097
4105
4117
4120
4121
4129
4135
4138
4147
4165
4168
4171
4204
4210
4219
4222
4225
4228
4232
4234
4240
4249
4252
4261
4267
4279
4303
4309
4310
4312
4318
4330
4342
4360
4369
4375
4405
4415
4423
4430
4444
4459
4465
4474
4477
4495
4510
4513
4516
4529
4531
4532
4558
4570
4582
4585
4597
4601
4603
4606
4609
4612
4627
4629
4630
4636
4648
4651
4672
4681
4687
4696
4711
4717
4729
4741
4774
4865
4912
4924
4927
4928
4945
4948
4951
4987
4996
5002
5008
5017
5026
5038
7762
7766
8005
8014
8032
8050
8056
8059
8062
8078
8079
8080
8083
8086
8089
8095
8104
8110
8113
8119
8131
8141
8143
8144
8152
8154
8155
8156
8158
8167
8173
8182
8185
8188
8195
8197
8200
8203
8206
8215
8218
8228
8254
8278
8296
8299
8305
8326
8338
8365
8366
8368
8371
8374
8383
8384
8392
8395
8417
8422
8458
8459
8461
8464
8467
8482
8485
8500
8503
8504
8518
8533
8545
8548
8551
8557
8566
8599
8602
8605
8609
8611
8612
8620
8621
8623
8626
8633
8635
8644
8647
8650
8660
8662
8668
8674
8680
8692
8695
8698
8717
8720
8726
8734
8740
8743
8746
8755
8764
8776
8782
