798
806
809
810
812
813
815
818
821
824
825
827
830
831
833
839
840
842
845
846
848
849
851
852
854
857
860
863
866
869
872
875
876
878
879
881
884
887
888
890
893
903
905
908
909
911
914
915
917
920
923
926
929
932
935
938
939
941
944
947
950
953
956
959
960
962
965
966
968
969
971
972
974
977
978
980
983
986
989
992
995
998
1001
1004
1007
1010
1013
1014
1016
1019
1020
1022
1025
1028
1031
1034
1037
1040
1043
1046
1049
1052
1055
1057
1058
1059
1061
1064
1067
1070
1071
1073
1076
1079
1082
1085
1088
1089
1091
1094
1097
1100
1103
1106
1109
1112
1114
1115
1117
1118
1121
1124
1127
1128
1130
1131
1133
1136
1139
1142
1145
1148
1151
1154
1157
1158
1160
1161
1163
1166
1168
1169
1172
1175
1178
1181
1184
1187
1193
1196
1199
1200
1202
1205
1208
1211
1217
1220
1223
1226
1227
1229
1232
1235
1238
1241
1242
1244
1247
1250
1256
1259
1262
1265
1268
1271
1274
1277
1280
1283
1286
1289
1292
1295
1298
1304
1310
1311
1313
1319
1322
1325
1328
1331
1334
1337
1338
1340
1343
1346
1350
1352
1355
1358
1361
1364
1367
1370
1373
1376
1379
1385
1389
1391
1394
1397
1400
1403
1406
1409
1412
1415
1418
1421
1427
1430
1431
1433
1436
1439
1442
1445
1448
1451
1454
1457
1460
1463
1466
1469
1470
1472
1475
1478
1481
1484
1487
1490
1493
1496
1499
1502
1505
1508
1511
1514
1517
1520
1523
1526
1529
1532
1541
1544
1547
1550
1553
1556
1559
1562
1565
1568
1571
1574
1577
1580
1586
1589
1590
1592
1595
1596
1598
1601
1604
1610
1613
1619
1622
1625
1628
1631
1634
1635
1637
1640
1643
1646
1649
1652
1655
1658
1661
1664
1667
1670
1673
1679
1682
1683
1685
1688
1691
1694
1697
1698
1700
1703
1706
1709
1712
1715
1718
1721
1724
1727
1730
1733
1742
1745
1748
1749
1751
1752
1754
1757
1760
1766
1769
1772
1775
1778
1781
1784
1787
1788
1790
1791
1793
1796
1797
1799
1802
1805
1808
1811
1814
1815
1820
1823
1835
1838
1841
1844
1847
1850
1853
1856
1859
1862
1865
1868
1869
1871
1874
1875
1877
1880
1883
1886
1892
1895
1897
1898
1900
1901
1904
1907
1908
1910
1913
1916
1925
1926
1928
1931
1934
1937
1938
1940
1943
1946
1947
1949
1950
1951
1952
1953
1955
1958
1961
1964
1967
1970
1976
1979
1982
1985
1988
1989
1991
1994
1997
2000
2003
2006
2009
2012
2015
2018
2020
2021
2024
2027
2033
2036
2039
2040
2042
2045
2048
2051
2054
2060
2063
2066
2069
2072
2073
2075
2078
2081
2090
2093
2094
2096
2099
2107
2108
2111
2114
2117
2118
2120
2123
2126
2129
2132
2135
2138
2141
2144
2147
2150
2153
2156
2159
2162
2165
2168
2171
2174
2177
2178
2180
2183
2184
2186
2187
2189
2192
2195
2196
2198
2200
2201
2202
2203
2204
2207
2210
2213
2216
2219
2222
2225
2228
2229
2231
2234
2235
2237
2240
2243
2244
2246
2249
2293
2296
2299
2302
2305
2306
2308
2311
2314
2317
2318
2320
2321
2323
2326
2329
2332
2335
2341
2344
2347
2348
2350
2353
2356
2359
2360
2361
2362
2363
2365
2368
2371
2374
2380
2383
2386
2395
2398
2401
2404
2407
2410
2413
2416
2419
2422
2425
2431
2434
2437
2439
2440
2443
2446
2449
2452
2455
2458
2461
2464
2467
2470
2473
2476
2477
2479
2482
2485
2488
2491
2494
2497
2500
2503
2509
2510
2512
2515
2516
2518
2519
2521
2524
2527
2530
2533
2536
2539
2540
2545
2548
2551
2554
2557
2560
2563
2566
2569
2572
2575
2578
2581
2582
2584
2587
2593
2599
2602
2605
2608
2611
2614
2617
2623
2624
2626
2629
2632
2635
2638
2644
2647
2648
2650
2653
2656
2659
2662
2665
2668
2674
2677
2680
2683
2686
2689
2692
2693
2695
2698
2701
2704
2707
2710
2713
2716
2719
2722
2725
2728
2731
2734
2737
2740
2743
2746
2749
2752
2755
2758
2764
2767
2768
2770
2773
2776
2779
2782
2785
2788
2791
2794
2797
2800
2803
2806
2809
2815
2818
2821
2822
2824
2827
2830
2833
2836
2839
2842
2845
2846
2848
2851
2857
2860
2863
2866
2869
2872
2873
2875
2878
2881
2884
2887
2890
2893
2896
2899
2902
2905
2906
2908
2911
2914
2917
2920
2921
2923
2926
2929
2932
2935
2938
2941
2947
2950
2953
2956
2962
2965
2968
2971
2974
2977
2980
2983
2986
2989
2992
2993
2995
2998
3001
3004
3010
3013
3016
3019
3022
3025
3028
3031
3034
3037
3043
3046
3049
3052
3055
3058
3061
3062
3064
3067
3070
3073
3076
3079
3082
3085
3088
3091
3094
3097
3103
3106
3107
3109
3112
3115
3118
3121
3124
3125
3127
3130
3136
3139
3142
3143
3145
3148
3151
3157
3160
3161
3163
3164
3166
3169
3172
3173
3175
3176
3178
3179
3181
3187
3188
3190
3193
3196
3199
3202
3205
3208
3211
3214
3217
3220
3223
3226
3229
3232
3241
3247
3250
3253
3256
3259
3262
3268
3271
3274
3277
3283
3284
3286
3292
3295
3298
3301
3307
3310
3316
3319
3322
3325
3326
3328
3331
3334
3337
3338
3340
3343
3349
3352
3355
3358
3361
3364
3367
3370
3373
3376
3379
3382
3383
3385
3388
3391
3394
3395
3397
3400
3403
3406
3409
3412
3413
3415
3418
3421
3424
3427
3430
3431
3433
3436
3439
3442
3448
3449
3451
3454
3455
3457
3460
3463
3466
3469
3472
3475
3476
3478
3479
3481
3484
3487
3490
3493
3496
3499
3502
3505
3508
3511
3514
3517
3520
3521
3523
3529
3532
3533
3535
3538
3541
3544
3547
3550
3553
3556
3562
3565
3568
3571
3574
3577
3580
3583
3586
3589
3592
3593
3595
3598
3604
3607
3610
3613
3616
3619
3620
3622
3625
3628
3631
3634
3637
3643
3646
3649
3650
3652
3655
3658
3661
3664
3667
3670
3673
3676
3677
3679
3682
3685
3691
3694
3700
3703
3706
3709
3712
3715
3718
3719
3721
3724
3727
3730
3733
3736
3739
3745
3748
3757
3760
3763
3769
3772
3775
3781
3784
3787
3793
3796
3799
3802
3805
3808
3811
3812
3814
3817
3820
3821
3823
3829
3832
3833
3835
3838
3841
3844
3847
3853
3856
3862
3865
3868
3874
3877
3880
3883
3886
3889
3892
3895
3898
3901
3902
3904
3907
3910
3913
3916
3919
3922
3925
3928
3931
3934
3937
3940
3943
3946
3949
3952
3953
3955
3958
3961
3964
3967
3970
3973
3976
3979
3982
3983
3985
3988
3991
3994
3997
3998
4000
4003
4004
4006
4009
4012
4015
4018
4019
4021
4024
4027
4030
4036
4039
4042
4045
4048
4054
4055
4057
4060
4063
4066
4069
4072
4075
4078
4081
4082
4083
4084
4090
4093
4096
4097
4099
4102
4105
4108
4111
4114
4117
4120
4121
4123
4126
4129
4132
4135
4136
4138
4141
4144
4145
4147
4150
4156
4159
4162
4165
4168
4171
4174
4177
4180
4186
4189
4192
4195
4198
4199
4201
4204
4207
4210
4213
4216
4219
4220
4222
4225
4226
4228
4231
4232
4234
4237
4240
4246
4249
4252
4255
4258
4261
4267
4270
4273
4276
4279
4282
4288
4291
4297
4303
4306
4309
4310
4312
4315
4318
4321
4324
4327
4330
4333
4336
4339
4342
4345
4351
4354
4357
4360
4361
4363
4366
4369
4372
4375
4378
4384
4387
4390
4393
4396
4399
4402
4405
4408
4414
4415
4417
4420
4423
4426
4429
4430
4432
4435
4438
4441
4444
4447
4448
4450
4453
4456
4459
4462
4465
4468
4474
4477
4478
4480
4483
4489
4492
4495
4501
4504
4507
4510
4513
4516
4519
4522
4525
4528
4529
4531
4532
4534
4537
4538
4540
4543
4546
4547
4549
4555
4558
4561
4564
4567
4570
4573
4576
4579
4582
4585
4588
4591
4594
4597
4600
4601
4603
4606
4609
4612
4615
4618
4627
4629
4630
4633
4635
4636
4639
4642
4645
4648
4651
4654
4657
4660
4663
4666
4669
4672
4675
4678
4681
4684
4687
4693
4696
4699
4700
4702
4705
4708
4711
4714
4717
4720
4723
4724
4726
4729
4732
4735
4738
4741
4744
4747
4753
4756
4759
4768
4771
4774
4777
4786
4789
4804
4807
4810
4819
4822
4823
4825
4828
4831
4834
4837
4843
4849
4852
4855
4858
4861
4865
4870
4873
4876
4879
4880
4882
4885
4888
4891
4894
4903
4912
4919
4924
4927
4928
4930
4939
4945
4948
4951
4954
4963
4966
4969
4972
4975
4978
4981
4984
4987
4990
4993
4996
4999
5002
5005
5008
5011
5014
5017
5020
5023
5026
5029
5032
5035
5038
5044
5050
5059
5062
5078
5086
5089
5095
7759
7762
7765
7766
8002
8005
8008
8014
8023
8026
8029
8032
8035
8038
8044
8047
8050
8056
8059
8062
8068
8070
8071
8074
8075
8076
8077
8078
8079
8080
8083
8086
8089
8095
8098
8104
8110
8113
8119
8122
8125
8128
8131
8134
8135
8137
8138
8140
8141
8143
8144
8146
8152
8154
8155
8156
8157
8158
8161
8164
8167
8170
8173
8176
8179
8182
8185
8188
8194
8195
8197
8200
8201
8203
8204
8206
8209
8210
8212
8215
8218
8224
8227
8228
8230
8236
8242
8245
8248
8251
8254
8258
8260
8266
8272
8275
8278
8281
8287
8290
8293
8296
8297
8299
8305
8306
8308
8311
8314
8317
8320
8323
8326
8329
8332
8335
8338
8341
8344
8347
8348
8356
8359
8365
8366
8368
8371
8372
8374
8377
8380
8383
8384
8386
8387
8389
8392
8395
8396
8401
8404
8407
8408
8410
8413
8416
8417
8419
8422
8425
8428
8431
8437
8440
8441
8447
8449
8452
8453
8455
8458
8459
8461
8462
8464
8467
8470
8473
8476
8479
8482
8485
8486
8488
8491
8497
8500
8501
8503
8504
8506
8509
8510
8512
8515
8518
8521
8524
8530
8533
8539
8545
8548
8551
8554
8555
8557
8560
8561
8563
8564
8566
8567
8569
8572
8575
8576
8578
8581
8584
8585
8587
8590
8596
8599
8602
8605
8608
8609
8611
8612
8615
8617
8620
8621
8623
8626
8629
8633
8635
8636
8638
8641
8642
8644
8647
8650
8653
8656
8659
8660
8662
8663
8665
8668
8671
8674
8677
8680
8683
8689
8692
8695
8698
8701
8704
8707
8710
8713
8716
8717
8719
8720
8722
8725
8726
8728
8731
8734
8735
8737
8740
8743
8746
8749
8752
8755
8756
8758
8759
8761
8764
8765
8767
8770
8773
8774
8776
8779
8780
8782
8785
8786
8788
8789
8791
8794
