815
818
831
833
839
846
849
851
852
860
866
872
876
878
879
881
887
888
905
908
909
911
914
915
920
926
929
938
944
953
956
960
962
966
969
971
972
974
977
978
980
983
989
992
995
1007
1010
1025
1028
1040
1046
1049
1052
1055
1057
1058
1059
1061
1067
1071
1073
1082
1088
1089
1094
1097
1109
1114
1115
1118
1121
1130
1131
1133
1136
1139
1145
1148
1151
1154
1157
1158
1160
1161
1163
1166
1169
1175
1184
1196
1199
1200
1202
1205
1220
1223
1226
1227
1229
1235
1238
1241
1244
1247
1256
1268
1271
1277
1280
1283
1289
1292
1304
1319
1331
1334
1343
1346
1350
1352
1355
1367
1370
1373
1379
1389
1394
1397
1400
1409
1412
1421
1427
1430
1431
1433
1436
1442
1445
1457
1469
1470
1472
1475
1478
1493
1517
1520
1532
1541
1544
1547
1556
1562
1568
1571
1580
1589
1590
1592
1595
1628
1635
1640
1652
1658
1664
1667
1673
1682
1683
1698
1700
1706
1709
1715
1721
1724
1733
1742
1745
1748
1751
1752
1754
1766
1769
1775
1781
1784
1787
1799
1808
1815
1838
1841
1847
1850
1853
1856
1859
1862
1871
1874
1877
1880
1883
1892
1895
1897
1898
1900
1901
1904
1907
1908
1910
1913
1937
1940
1943
1946
1947
1950
1951
1952
1953
1955
1961
1964
1970
1979
1985
1989
1994
2009
2015
2020
2021
2024
2039
2042
2045
2051
2063
2066
2069
2072
2075
2096
2099
2114
2117
2123
2126
2129
2132
2135
2144
2147
2150
2168
2171
2177
2178
2183
2184
2186
2189
2195
2196
2198
2200
2201
2202
2203
2204
2207
2213
2219
2222
2225
2228
2229
2234
2235
2237
2240
2243
2249
2293
2299
2302
2305
2306
2308
2311
2314
2317
2320
2326
2356
2359
2361
2365
2371
2395
2407
2410
2416
2422
2425
2431
2434
2439
2440
2449
2452
2455
2458
2461
2470
2476
2488
2509
2510
2512
2515
2516
2524
2533
2536
2539
2540
2548
2551
2554
2560
2566
2593
2602
2608
2617
2635
2648
2665
2668
2674
2683
2689
2716
2719
2734
2740
2743
2746
2749
2752
2755
2758
2764
2782
2785
2788
2794
2800
2803
2806
2809
2815
2818
2822
2827
2833
2836
2839
2842
2845
2846
2848
2866
2875
2884
2887
2893
2902
2905
2917
2920
2923
2926
2932
2938
2941
2956
2962
2971
2974
2977
2983
2986
2992
2995
3001
3019
3028
3031
3055
3058
3064
3079
3082
3085
3091
3097
3106
3109
3124
3136
3139
3142
3157
3160
3161
3163
3166
3169
3172
3173
3175
3178
3181
3187
3190
3193
3202
3205
3208
3217
3223
3229
3241
3247
3250
3259
3262
3271
3274
3283
3292
3295
3298
3316
3322
3325
3331
3334
3338
3340
3343
3352
3355
3361
3367
3373
3379
3382
3383
3385
3388
3397
3403
3406
3413
3415
3421
3427
3430
3431
3433
3436
3439
3448
3449
3454
3455
3457
3463
3472
3476
3478
3484
3487
3490
3496
3499
3520
3523
3529
3533
3541
3544
3547
3550
3553
3565
3571
3574
3577
3580
3586
3589
3595
3604
3607
3613
3619
3628
3649
3658
3661
3670
3673
3677
3679
3682
3685
3691
3703
3706
3719
3721
3724
3727
3733
3736
3745
3757
3760
3769
3772
3775
3787
3793
3799
3811
3812
3817
3829
3832
3833
3835
3838
3841
3844
3862
3880
3886
3889
3892
3895
3898
3901
3902
3907
3910
3916
3922
3937
3940
3943
3946
3949
3952
3953
3955
3958
3961
3964
3973
3982
3983
3985
3988
3991
3994
3997
3998
4003
4006
4009
4012
4015
4018
4019
4027
4030
4042
4048
4063
4069
4075
4081
4082
4083
4084
4096
4097
4102
4105
4108
4117
4120
4121
4129
4135
4138
4141
4144
4147
4165
4168
4171
4204
4210
4216
4219
4222
4225
4228
4231
4232
4234
4240
4249
4252
4258
4261
4267
4270
4273
4279
4303
4309
4310
4312
4318
4321
4330
4339
4342
4357
4360
4361
4369
4375
4378
4390
4396
4399
4405
4415
4423
4430
4438
4444
4447
4448
4450
4459
4462
4465
4474
4477
4489
4492
4495
4504
4510
4513
4516
4522
4528
4529
4531
4532
4534
4549
4558
4570
4576
4579
4582
4585
4594
4597
4601
4603
4606
4609
4612
4615
4627
4629
4630
4635
4636
4639
4648
4651
4669
4672
4681
4687
4696
4711
4714
4717
4720
4723
4729
4732
4738
4741
4747
4759
4774
4807
4849
4865
4879
4912
4924
4927
4928
4945
4948
4951
4984
4987
4990
4996
5002
5008
5014
5017
5026
5032
5038
5089
5095
6316
6319
6322
6323
6331
6334
6337
6340
6349
6352
6355
6361
6364
6370
6373
6376
6377
6382
6391
6397
6409
6412
6415
6418
6421
6427
6433
6451
6475
6478
6479
6481
6484
6490
6499
6505
6520
6526
6529
6532
6538
6541
6550
6554
6562
6568
6574
6586
6587
6589
6592
6595
6601
6604
6607
6612
6613
6616
6618
6619
6622
6623
6624
6625
6626
6627
6628
6631
6634
6637
6639
6640
6642
6643
6646
6649
6652
6655
6657
6658
6659
6660
6661
6663
6664
6665
6666
6667
6669
6670
6672
6673
6675
6676
6679
6682
6685
6691
6694
6700
6706
6712
6713
6715
6716
6721
6724
6727
6730
6733
6734
6736
6739
6742
6745
6748
6751
6757
6760
6766
6769
6771
6775
6778
6781
6784
6787
6789
6790
6792
6793
6799
6800
6802
6814
6817
6826
6829
6832
6835
6838
6844
6847
6849
6850
6856
6865
6880
6883
6889
6895
6898
6899
6904
6910
6913
6916
6919
6928
6931
6934
6940
6943
6946
6949
6952
6961
6964
6973
6976
6985
6988
6998
7000
7001
7004
7006
7012
7015
7016
7027
7030
7033
7036
7039
7048
7051
7052
7054
7057
7060
7066
7072
7081
7084
7085
7087
7089
7090
7092
7093
7102
7105
7108
7111
7114
7117
7120
7123
7126
7129
7135
7136
7137
7139
7140
7141
7143
7144
7147
7148
7150
7152
7153
7156
7165
7166
7168
7171
7174
7177
7186
7187
7188
7195
7198
7205
7207
7219
7222
7226
7228
7231
7234
7240
7243
7246
7247
7249
7250
7252
7254
7255
7258
7259
7261
7262
7264
7268
7270
7271
7273
7274
7276
7277
7279
7280
7281
7282
7283
7285
7286
7288
7291
7294
7297
7303
7309
7310
7312
7318
7324
7327
7328
7336
7342
7345
7348
7358
7363
7375
7378
7381
7390
7391
7399
7402
7405
7411
7414
7416
7417
7420
7421
7424
7426
7429
7432
7433
7435
7438
7441
7442
7444
7447
7450
7452
7453
7455
7456
7458
7459
7462
7465
7468
7471
7477
7480
7486
7498
7508
7510
7513
7517
7531
7540
7541
7543
7547
7549
7552
7553
7555
7559
7561
7567
7570
7576
7577
7579
7580
7582
7583
7585
7589
7591
7597
7600
7603
7605
7606
7608
7609
7610
7612
7613
7615
7616
7618
7621
7624
7648
7651
7654
7675
7678
7687
7699
7703
7705
7708
7709
7720
7721
7729
7732
7744
7762
7766
8002
8005
8014
8032
8047
8050
8056
8059
8062
8075
8077
8078
8079
8080
8083
8086
8089
8095
8098
8104
8110
8113
8119
8122
8128
8131
8141
8143
8144
8152
8154
8155
8156
8158
8167
8170
8173
8179
8182
8185
8188
8195
8197
8200
8201
8203
8206
8212
8215
8218
8228
8245
8254
8260
8278
8296
8299
8305
8326
8329
8338
8359
8365
8366
8368
8371
8374
8383
8384
8386
8392
8395
8396
8401
8404
8410
8417
8422
8437
8441
8458
8459
8461
8462
8464
8467
8470
8473
8476
8479
8482
8485
8488
8491
8500
8503
8504
8518
8533
8545
8548
8551
8554
8557
8563
8564
8566
8572
8575
8596
8599
8602
8605
8608
8609
8611
8612
8617
8620
8621
8623
8626
8633
8635
8638
8641
8644
8647
8650
8660
8662
8663
8668
8671
8674
8680
8692
8695
8698
8707
8717
8719
8720
8726
8734
8737
8740
8743
8746
8749
8755
8759
8761
8764
8770
8773
8774
8776
8782
8788
8789
